2017-Dec-31 17:17:10 11.959 108.661 4.615 58.540 19.203 14.531 10.822 26.820 21.594 95.401
2017-Dec-31 17:17:48 8.108 103.249 5.335 55.730 26.267 18.862 23.966 45.656 15.903 95.335
2017-Dec-31 17:18:41 44.110 102.007 2.503 55.364 35.069 26.741 13.567 15.403 8.972 90.544
2017-Dec-31 17:19:18 10.652 113.120 3.716 50.309 20.096 24.518 48.460 37.633 48.681 94.771
2017-Dec-31 17:19:38 9.552 97.372 2.642 50.571 11.581 24.845 13.521 23.564 47.164 100.163
2017-Dec-31 17:19:58 22.785 103.729 8.733 49.821 15.387 30.077 9.757 23.452 9.358 95.106
2017-Dec-31 17:20:18 11.082 100.952 3.441 66.050 28.381 38.038 16.713 19.872 11.726 109.601
2017-Dec-31 17:20:41 11.036 104.185 3.493 50.180 14.077 27.750 18.387 21.538 48.312 95.270
2017-Dec-31 17:21:05 18.959 105.919 4.426 69.090 12.935 38.991 24.051 36.564 11.207 92.815
2017-Dec-31 17:21:20 54.608 114.465 2.939 63.480 13.487 22.744 11.737 18.643 9.931 89.057
2017-Dec-31 17:21:31 17.445 104.021 4.170 64.399 14.350 26.416 12.462 39.124 13.495 90.025
2017-Dec-31 17:21:51 14.700 101.489 5.163 59.611 19.360 28.428 16.178 33.613 29.927 93.282
2017-Dec-31 17:22:19 15.633 113.070 4.316 55.230 10.321 26.158 15.882 31.174 9.206 91.649
2017-Dec-31 17:22:30 12.384 102.314 3.048 57.324 27.715 25.925 23.610 23.310 15.271 88.383
2017-Dec-31 17:22:50 11.921 109.402 4.597 59.858 16.239 90.831 26.822 18.919 10.606 91.795
2017-Dec-31 17:23:00 11.487 115.053 5.043 51.494 19.195 25.234 16.844 26.137 10.056 92.171
2017-Dec-31 17:23:11 9.332 113.113 6.969 53.571 24.917 19.810 10.553 22.262 9.603 94.637
2017-Dec-31 17:23:32 12.909 103.550 4.392 55.446 12.230 22.921 8.776 22.019 13.112 86.340
2017-Dec-31 17:23:44 11.405 98.041 4.364 55.178 13.017 38.736 20.490 22.434 9.785 90.228
2017-Dec-31 17:23:54 18.172 98.790 10.285 64.279 13.751 22.696 15.280 25.034 9.780 91.615
2017-Dec-31 17:24:05 21.677 100.610 3.655 67.162 13.234 27.144 50.893 37.639 13.085 88.945
2017-Dec-31 17:24:16 9.979 105.903 3.789 54.449 9.493 24.434 12.235 22.141 22.999 96.930
2017-Dec-31 17:24:36 11.152 100.894 3.407 57.576 20.598 24.495 15.656 24.834 10.787 91.162
2017-Dec-31 17:25:00 9.785 105.509 5.828 52.241 18.438 29.887 17.135 25.612 72.856 99.926
2017-Dec-31 17:25:20 8.216 100.209 4.425 50.060 11.447 20.177 16.410 35.538 19.628 89.405
2017-Dec-31 17:25:45 12.447 103.856 3.818 53.963 13.052 25.165 11.059 30.936 26.209 87.390
2017-Dec-31 17:26:07 16.389 99.988 3.635 65.772 30.111 20.611 14.060 19.393 9.058 100.314
2017-Dec-31 17:26:21 22.179 101.755 6.576 57.754 13.208 21.319 22.179 27.424 23.865 87.157
2017-Dec-31 17:26:31 11.859 106.498 3.088 72.456 34.451 24.122 11.571 18.411 8.329 86.864
2017-Dec-31 17:26:51 13.306 103.078 3.885 60.118 13.341 20.448 9.765 16.182 11.846 90.327
2017-Dec-31 17:27:14 9.791 106.698 3.747 88.871 15.336 26.537 11.015 32.279 9.642 102.109
2017-Dec-31 17:27:29 19.615 104.751 6.106 53.597 26.760 32.014 13.771 20.628 22.450 92.675
2017-Dec-31 17:27:48 16.146 101.567 3.733 53.394 12.559 27.469 10.184 24.321 7.438 85.514
2017-Dec-31 17:28:08 20.539 108.923 4.499 64.187 14.066 29.248 9.955 20.347 17.233 96.339
2017-Dec-31 17:28:19 15.452 102.631 4.508 89.898 18.026 26.242 12.813 22.244 16.160 90.109
2017-Dec-31 17:28:38 14.254 114.152 4.892 67.695 21.914 28.840 10.456 26.050 8.420 101.286
2017-Dec-31 17:28:50 28.890 100.963 2.699 61.191 12.377 19.433 13.176 18.177 9.679 94.555
2017-Dec-31 17:29:01 9.022 105.462 3.142 58.668 17.856 20.749 11.326 19.138 10.172 89.660
2017-Dec-31 17:29:21 11.467 104.616 4.132 66.828 10.815 18.428 14.310 24.382 13.951 87.629
2017-Dec-31 17:29:42 10.269 103.781 5.151 65.527 31.135 24.658 17.927 28.845 11.440 89.100
2017-Dec-31 17:30:03 9.776 103.957 4.617 59.962 33.350 28.799 22.336 18.966 8.812 90.980
2017-Dec-31 17:30:25 11.473 99.043 3.248 51.097 21.016 20.959 14.285 20.256 10.796 94.109
2017-Dec-31 17:30:47 28.245 102.547 4.324 53.618 26.104 25.551 10.746 27.923 16.053 87.458
2017-Dec-31 17:31:00 7.665 99.922 3.780 51.806 18.941 20.956 17.960 20.020 12.896 87.527
2017-Dec-31 17:31:11 8.922 95.844 5.208 50.301 15.904 23.302 11.842 17.173 9.048 90.141
2017-Dec-31 17:31:30 10.655 100.879 3.408 51.016 15.223 19.529 13.885 31.947 25.400 106.472
2017-Dec-31 17:31:46 41.831 101.993 5.777 49.728 13.366 24.133 17.149 27.838 12.279 91.164
2017-Dec-31 17:32:05 9.414 96.459 7.644 53.341 10.908 22.567 14.156 36.771 14.069 98.880
2017-Dec-31 17:32:25 46.244 99.836 7.128 65.162 16.308 22.721 18.300 38.509 7.626 91.464
2017-Dec-31 17:32:45 9.442 112.594 4.040 50.857 16.375 25.150 10.021 19.470 10.992 85.677
2017-Dec-31 17:32:55 13.539 101.695 2.823 53.911 21.565 25.691 12.030 18.886 15.847 85.025
2017-Dec-31 17:33:06 12.548 114.021 4.585 53.064 17.763 56.499 33.351 20.141 13.832 88.235
2017-Dec-31 17:33:26 23.791 102.557 6.835 62.054 11.848 31.019 17.486 21.782 16.261 83.657
2017-Dec-31 17:33:36 9.902 100.925 3.814 68.099 12.160 23.211 17.032 26.050 12.852 83.958
2017-Dec-31 17:33:47 13.718 167.362 12.124 60.453 13.377 20.187 18.172 18.469 7.986 91.083
2017-Dec-31 17:34:07 8.854 112.057 2.261 51.228 26.885 25.387 10.233 19.336 10.677 86.508
2017-Dec-31 17:34:26 13.914 105.656 12.781 54.313 12.174 21.263 9.898 19.142 7.387 85.862
2017-Dec-31 17:50:29 73.766 197.926 4.264 109.422 14.468 14.574 114.585 16.205 111.264 90.172
